195,81,49,35,44,52,48,49,38,20,37,31,26,22,17,7,16,17,15,20,15,15,9,17,11
81,82,30,15,19,21,24,27,21,8,17,16,16,12,7,3,9,9,9,14,9,9,3,10,7
49,30,49,11,20,14,9,16,14,6,15,12,13,18,4,1,8,9,6,11,15,7,3,9,6
35,15,11,36,8,9,7,14,11,9,9,7,4,4,10,2,2,3,4,5,1,3,2,0,4
44,19,20,8,44,19,4,9,14,4,13,12,11,10,1,1,12,10,2,7,9,5,0,8,5
52,21,14,9,19,52,10,6,16,3,18,14,8,8,5,1,10,7,5,3,3,6,2,6,2
48,24,9,7,4,10,49,19,17,5,11,11,8,4,6,5,2,4,5,9,3,8,5,5,4
49,27,16,14,9,6,19,49,17,12,11,8,13,7,4,3,4,7,7,7,2,7,3,7,6
38,21,14,11,14,16,17,17,39,6,13,14,15,7,7,3,5,11,4,7,4,12,1,5,9
20,8,6,9,4,3,5,12,6,21,4,3,5,4,7,0,0,4,2,3,2,3,5,2,4
37,17,15,9,13,18,11,11,13,4,37,17,12,5,6,1,5,7,6,9,5,6,3,4,5
31,16,12,7,12,14,11,8,14,3,17,31,9,4,3,1,5,7,4,7,4,8,0,7,5
26,16,13,4,11,8,8,13,15,5,12,9,26,7,3,1,4,8,5,5,5,5,2,5,7
22,12,18,4,10,8,4,7,7,4,5,4,7,22,3,0,4,6,2,5,8,5,1,4,2
17,7,4,10,1,5,6,4,7,7,6,3,3,3,17,2,0,1,1,1,1,1,5,1,1
7,3,1,2,1,1,5,3,3,0,1,1,1,0,2,7,0,0,2,1,0,2,0,1,0
16,9,8,2,12,10,2,4,5,0,5,5,4,4,0,0,16,3,1,4,3,3,0,5,1
17,9,9,3,10,7,4,7,11,4,7,7,8,6,1,0,3,17,1,6,2,7,1,4,6
15,9,6,4,2,5,5,7,4,2,6,4,5,2,1,2,1,1,16,3,3,2,0,4,1
20,14,11,5,7,3,9,7,7,3,9,7,5,5,1,1,4,6,3,20,5,6,2,5,6
15,9,15,1,9,3,3,2,4,2,5,4,5,8,1,0,3,2,3,5,15,2,1,4,3
15,9,7,3,5,6,8,7,12,3,6,8,5,5,1,2,3,7,2,6,2,15,1,3,6
9,3,3,2,0,2,5,3,1,5,3,0,2,1,5,0,0,1,0,2,1,1,9,0,1
17,10,9,0,8,6,5,7,5,2,4,7,5,4,1,1,5,4,4,5,4,3,0,17,1
11,7,6,4,5,2,4,6,9,4,5,5,7,2,1,0,1,6,1,6,3,6,1,1,11
